Space 52.6100 0.68327763 0.9051 0.0073 0.0983
જૂ 65.5000 0.77811462 0.8047 0.0558 0.5530
Space 84.5000 0.62144832 0.2718 0.0099 0.1465
ત 86.9700 0.67481558 0.0929 0.0354 0.0756
Space 93.2000 0.04524425 0.0896 0.0095 0.0690
ડે 93.5100 0.85983096 0.8965 0.0291 0.1209
ત 93.9200 0.89498962 0.9089 0.0355 0.0961
Space 93.9400 0.22942721 0.0892 0.0081 0.0739
Space 94.6700 0.74524719 0.0887 0.0090 0.0737
ઘ 94.8400 0.01959352 0.0882 0.0376 0.0664
છા 95.3900 0.38518431 0.9166 0.0574 0.1141
Space 95.4200 0.69984446 0.0755 0.0103 0.1142
Space 97.6900 0.07462778 0.4713 0.0150 0.1447
ઘ 97.7600 0.97702739 0.9065 0.0368 0.1137
રા 97.7800 0.07367914 0.0899 0.0435 0.0764
Space 97.9400 0.21003048 0.2917 0.0143 0.1194
ન 98.8600 0.49256480 0.0936 0.0363 0.0715
કિ 99.1200 0.13598822 0.8992 0.0458 0.1182
ડે 99.1700 0.04713142 0.8982 0.0276 0.1220
ડે 99.2500 0.56888620 0.8976 0.0285 0.1231
રા 99.2500 0.60562947 0.9045 0.0440 0.0998
ત 99.3600 0.63856280 0.0926 0.0352 0.0746
જૂ 99.5000 0.97218513 0.1109 0.0462 0.1222
ણો 99.5100 0.77553619 0.8999 0.0657 0.1245
ડે 99.5200 0.68049657 0.2639 0.0267 0.1694
ડે 99.5300 0.72370835 0.0697 0.0313 0.1298
ડે 99.5900 0.60250513 0.2647 0.0271 0.1690
કિ 99.6200 0.10345444 0.4654 0.0395 0.1464
કિ 99.6700 0.82977260 0.0767 0.0484 0.1061
ઘ 99.6800 0.16634950 0.0897 0.0353 0.0784
ત 99.7100 0.18311971 0.2926 0.0360 0.1146
જૂ 99.7100 0.56724413 0.3080 0.0486 0.1673
કિ 99.7100 0.67125059 0.7040 0.0435 0.1830
ત 99.7200 0.70863884 0.4877 0.0334 0.0985
જૂ 99.7200 0.01667374 0.9333 0.0319 0.1414
કિ 99.7200 0.46581574 0.4675 0.0407 0.1416
છા 99.7300 0.44554003 0.0890 0.0497 0.0868
ડે 99.7400 0.93103469 0.0692 0.0313 0.1282
ન 99.7600 0.20484190 0.0929 0.0368 0.0735
ન 99.7600 0.77607948 0.2910 0.0372 0.1265
અ 99.7600 0.93368119 0.9010 0.0489 0.1076
ડે 99.7700 0.71114701 0.6944 0.0319 0.2130
જૂ 99.7700 0.86889297 0.7524 0.0550 0.1800
ઘ 99.7800 0.43348920 0.9066 0.0348 0.0974
જૂ 99.7800 0.97774375 0.5095 0.0413 0.1594
કિ 99.7800 0.08687078 0.8990 0.0469 0.1141
છા 99.7900 0.75226814 0.4838 0.0523 0.1103
છા 99.8000 0.72880574 0.2878 0.0528 0.1293
કિ 99.8000 0.12097810 0.0759 0.0482 0.1060
છા 99.8100 0.32930025 0.9170 0.0532 0.1226
ઘ 99.8200 0.97340132 0.7259 0.0390 0.1356
ણો 99.8300 0.96779261 0.2605 0.0581 0.1872
ન 99.8400 0.81332402 0.2915 0.0361 0.1153
ણો 99.8400 0.03534946 0.4702 0.0596 0.1555
Space 99.8500 0.74083213 0.7265 0.0252 0.1410
ણો 99.8500 0.91076038 0.2657 0.0566 0.1646
ણો 99.8500 0.33026981 0.4754 0.0593 0.1625
જૂ 99.8500 0.84314246 0.5101 0.0410 0.1555
છા 99.8500 0.18814872 0.9165 0.0551 0.1213
ન 99.8600 0.42977609 0.2910 0.0355 0.1219
ન 99.8600 0.59399735 0.4846 0.0309 0.1072
જૂ 99.8600 0.14078403 0.3092 0.0495 0.1645
છા 99.8600 0.24690053 0.2911 0.0557 0.1181
ન 99.8700 0.52420691 0.2921 0.0358 0.1128
ણો 99.8700 0.47741122 0.2665 0.0552 0.1703
ણો 99.8700 0.48712550 0.9035 0.0682 0.1334
છા 99.8700 0.55125081 0.4838 0.0452 0.1108
છા 99.8700 0.03111943 0.2875 0.0515 0.1227
ઘ 99.8800 0.34986654 0.7260 0.0413 0.1370
ત 99.8800 0.34350300 0.2926 0.0356 0.1135
જૂ 99.8800 0.63084783 0.5095 0.0404 0.1570
જૂ 99.8800 0.93696343 0.5087 0.0428 0.1602
છા 99.8800 0.88533452 0.0905 0.0532 0.0814
છા 99.8800 0.54049151 0.0891 0.0517 0.0851
ણો 99.8900 0.23430197 0.4749 0.0579 0.1560
જૂ 99.8900 0.67132809 0.5078 0.0411 0.1501
ઘ 99.9000 0.50696895 0.4839 0.0325 0.1077
જૂ 99.9000 0.28258409 0.9338 0.0372 0.1529
અ 99.9000 0.38589222 0.2906 0.0504 0.1108
ઘ 99.9100 0.82732005 0.9064 0.0350 0.0989
ત 99.9100 0.77654869 0.7277 0.0443 0.1399
જૂ 99.9100 0.53725087 0.9316 0.0348 0.1564
છા 99.9100 0.89112161 0.4861 0.0473 0.1091
ન 99.9200 0.37698455 0.4869 0.0319 0.0991
ત 99.9200 0.09110069 0.7280 0.0439 0.1384
ણો 99.9200 0.03603733 0.6910 0.0662 0.2091
ણો 99.9200 0.38493671 0.0765 0.0634 0.1444
ઘ 99.9300 0.14395656 0.4840 0.0322 0.1094
ણો 99.9300 0.31981456 0.0797 0.0613 0.1391
છા 99.9300 0.50735594 0.7245 0.0608 0.1433
અ 99.9300 0.71348215 0.9063 0.0495 0.1027
રા 99.9400 0.80149615 0.4847 0.0412 0.1123
ણો 99.9400 0.08738319 0.2662 0.0561 0.1688
જૂ 99.9400 0.61704214 0.7497 0.0570 0.1847
ન 99.9500 0.28068241 0.4841 0.0341 0.1100
રા 99.9500 0.56401308 0.7275 0.0481 0.1366
રા 99.9500 0.13688392 0.7266 0.0485 0.1413
ત 99.9500 0.81928876 0.7279 0.0425 0.1410
જૂ 99.9500 0.18229900 0.5111 0.0420 0.1621
જૂ 99.9500 0.19028073 0.7498 0.0583 0.1920
કિ 99.9500 0.64617674 0.2695 0.0389 0.1472
અ 99.9500 0.85710475 0.2905 0.0494 0.1152
રા 99.9600 0.44914707 0.7248 0.0475 0.1417
ણો 99.9600 0.29468085 0.6952 0.0655 0.2032
જૂ 99.9600 0.92556120 0.7502 0.0579 0.1851
કિ 99.9600 0.39786269 0.7031 0.0462 0.1748
અ 99.9600 0.29992646 0.2884 0.0506 0.1154
અ 99.9600 0.65254332 0.9020 0.0507 0.1063
ન 99.9700 0.23934728 0.7287 0.0424 0.1275
અ 99.9700 0.77664897 0.0894 0.0502 0.0823
અ 99.9800 0.26053200 0.0885 0.0500 0.0843
અ 99.9800 0.24051528 0.9061 0.0466 0.1021
અ 99.9800 0.59384165 0.0892 0.0499 0.0816
અ 99.9900 0.41778148 0.4842 0.0508 0.1089
